agents,utilities
"('SHUCTAnyTime' / 'RegressionTreeSHUCTAny')","-1.0;1.0"
"('SHUCTAnyTime' / 'RegressionTreeSHUCTAny')","1.0;-1.0"
"('SHUCTAnyTime' / 'RegressionTreeSHUCTAny')","1.0;-1.0"
"('SHUCTAnyTime' / 'RegressionTreeSHUCTAny')","-1.0;1.0"
"('SHUCTAnyTime' / 'RegressionTreeSHUCTAny')","1.0;-1.0"
"('SHUCTAnyTime' / 'RegressionTreeSHUCTAny')","-1.0;1.0"
"('SHUCTAnyTime' / 'RegressionTreeSHUCTAny')","-1.0;1.0"
"('SHUCTAnyTime' / 'RegressionTreeSHUCTAny')","1.0;-1.0"
"('SHUCTAnyTime' / 'RegressionTreeSHUCTAny')","1.0;-1.0"
"('SHUCTAnyTime' / 'RegressionTreeSHUCTAny')","1.0;-1.0"
"('SHUCTAnyTime' / 'RegressionTreeSHUCTAny')","1.0;-1.0"
"('SHUCTAnyTime' / 'RegressionTreeSHUCTAny')","-1.0;1.0"
"('SHUCTAnyTime' / 'RegressionTreeSHUCTAny')","1.0;-1.0"
"('SHUCTAnyTime' / 'RegressionTreeSHUCTAny')","1.0;-1.0"
"('SHUCTAnyTime' / 'RegressionTreeSHUCTAny')","-1.0;1.0"
"('SHUCTAnyTime' / 'RegressionTreeSHUCTAny')","1.0;-1.0"
"('SHUCTAnyTime' / 'RegressionTreeSHUCTAny')","-1.0;1.0"
"('SHUCTAnyTime' / 'RegressionTreeSHUCTAny')","-1.0;1.0"
"('SHUCTAnyTime' / 'RegressionTreeSHUCTAny')","1.0;-1.0"
"('SHUCTAnyTime' / 'RegressionTreeSHUCTAny')","1.0;-1.0"
"('SHUCTAnyTime' / 'RegressionTreeSHUCTAny')","-1.0;1.0"
"('SHUCTAnyTime' / 'RegressionTreeSHUCTAny')","-1.0;1.0"
"('SHUCTAnyTime' / 'RegressionTreeSHUCTAny')","-1.0;1.0"
"('SHUCTAnyTime' / 'RegressionTreeSHUCTAny')","-1.0;1.0"
"('SHUCTAnyTime' / 'RegressionTreeSHUCTAny')","1.0;-1.0"
"('SHUCTAnyTime' / 'RegressionTreeSHUCTAny')","1.0;-1.0"
"('SHUCTAnyTime' / 'RegressionTreeSHUCTAny')","-1.0;1.0"
"('SHUCTAnyTime' / 'RegressionTreeSHUCTAny')","1.0;-1.0"
"('SHUCTAnyTime' / 'RegressionTreeSHUCTAny')","-1.0;1.0"
"('SHUCTAnyTime' / 'RegressionTreeSHUCTAny')","-1.0;1.0"
"('SHUCTAnyTime' / 'RegressionTreeSHUCTAny')","-1.0;1.0"
"('SHUCTAnyTime' / 'RegressionTreeSHUCTAny')","-1.0;1.0"
"('SHUCTAnyTime' / 'RegressionTreeSHUCTAny')","1.0;-1.0"
"('SHUCTAnyTime' / 'RegressionTreeSHUCTAny')","-1.0;1.0"
"('SHUCTAnyTime' / 'RegressionTreeSHUCTAny')","1.0;-1.0"
"('SHUCTAnyTime' / 'RegressionTreeSHUCTAny')","-1.0;1.0"
"('SHUCTAnyTime' / 'RegressionTreeSHUCTAny')","-1.0;1.0"
"('SHUCTAnyTime' / 'RegressionTreeSHUCTAny')","-1.0;1.0"
"('SHUCTAnyTime' / 'RegressionTreeSHUCTAny')","1.0;-1.0"
"('SHUCTAnyTime' / 'RegressionTreeSHUCTAny')","-1.0;1.0"
"('SHUCTAnyTime' / 'RegressionTreeSHUCTAny')","1.0;-1.0"
"('SHUCTAnyTime' / 'RegressionTreeSHUCTAny')","1.0;-1.0"
"('SHUCTAnyTime' / 'RegressionTreeSHUCTAny')","-1.0;1.0"
"('SHUCTAnyTime' / 'RegressionTreeSHUCTAny')","-1.0;1.0"
"('SHUCTAnyTime' / 'RegressionTreeSHUCTAny')","1.0;-1.0"
"('SHUCTAnyTime' / 'RegressionTreeSHUCTAny')","1.0;-1.0"
"('SHUCTAnyTime' / 'RegressionTreeSHUCTAny')","-1.0;1.0"
"('SHUCTAnyTime' / 'RegressionTreeSHUCTAny')","-1.0;1.0"
"('SHUCTAnyTime' / 'RegressionTreeSHUCTAny')","-1.0;1.0"
"('SHUCTAnyTime' / 'RegressionTreeSHUCTAny')","-1.0;1.0"
"('RegressionTreeSHUCTAny' / 'SHUCTAnyTime')","-1.0;1.0"
"('RegressionTreeSHUCTAny' / 'SHUCTAnyTime')","1.0;-1.0"
"('RegressionTreeSHUCTAny' / 'SHUCTAnyTime')","1.0;-1.0"
"('RegressionTreeSHUCTAny' / 'SHUCTAnyTime')","-1.0;1.0"
"('RegressionTreeSHUCTAny' / 'SHUCTAnyTime')","1.0;-1.0"
"('RegressionTreeSHUCTAny' / 'SHUCTAnyTime')","1.0;-1.0"
"('RegressionTreeSHUCTAny' / 'SHUCTAnyTime')","-1.0;1.0"
"('RegressionTreeSHUCTAny' / 'SHUCTAnyTime')","1.0;-1.0"
"('RegressionTreeSHUCTAny' / 'SHUCTAnyTime')","-1.0;1.0"
"('RegressionTreeSHUCTAny' / 'SHUCTAnyTime')","-1.0;1.0"
"('RegressionTreeSHUCTAny' / 'SHUCTAnyTime')","-1.0;1.0"
"('RegressionTreeSHUCTAny' / 'SHUCTAnyTime')","1.0;-1.0"
"('RegressionTreeSHUCTAny' / 'SHUCTAnyTime')","1.0;-1.0"
"('RegressionTreeSHUCTAny' / 'SHUCTAnyTime')","1.0;-1.0"
"('RegressionTreeSHUCTAny' / 'SHUCTAnyTime')","1.0;-1.0"
"('RegressionTreeSHUCTAny' / 'SHUCTAnyTime')","1.0;-1.0"
"('RegressionTreeSHUCTAny' / 'SHUCTAnyTime')","1.0;-1.0"
"('RegressionTreeSHUCTAny' / 'SHUCTAnyTime')","1.0;-1.0"
"('RegressionTreeSHUCTAny' / 'SHUCTAnyTime')","-1.0;1.0"
"('RegressionTreeSHUCTAny' / 'SHUCTAnyTime')","-1.0;1.0"
"('RegressionTreeSHUCTAny' / 'SHUCTAnyTime')","1.0;-1.0"
"('RegressionTreeSHUCTAny' / 'SHUCTAnyTime')","1.0;-1.0"
"('RegressionTreeSHUCTAny' / 'SHUCTAnyTime')","1.0;-1.0"
"('RegressionTreeSHUCTAny' / 'SHUCTAnyTime')","-1.0;1.0"
"('RegressionTreeSHUCTAny' / 'SHUCTAnyTime')","1.0;-1.0"
"('RegressionTreeSHUCTAny' / 'SHUCTAnyTime')","1.0;-1.0"
"('RegressionTreeSHUCTAny' / 'SHUCTAnyTime')","-1.0;1.0"
"('RegressionTreeSHUCTAny' / 'SHUCTAnyTime')","-1.0;1.0"
"('RegressionTreeSHUCTAny' / 'SHUCTAnyTime')","-1.0;1.0"
"('RegressionTreeSHUCTAny' / 'SHUCTAnyTime')","-1.0;1.0"
"('RegressionTreeSHUCTAny' / 'SHUCTAnyTime')","-1.0;1.0"
"('RegressionTreeSHUCTAny' / 'SHUCTAnyTime')","-1.0;1.0"
"('RegressionTreeSHUCTAny' / 'SHUCTAnyTime')","1.0;-1.0"
"('RegressionTreeSHUCTAny' / 'SHUCTAnyTime')","-1.0;1.0"
"('RegressionTreeSHUCTAny' / 'SHUCTAnyTime')","-1.0;1.0"
"('RegressionTreeSHUCTAny' / 'SHUCTAnyTime')","-1.0;1.0"
"('RegressionTreeSHUCTAny' / 'SHUCTAnyTime')","1.0;-1.0"
"('RegressionTreeSHUCTAny' / 'SHUCTAnyTime')","1.0;-1.0"
"('RegressionTreeSHUCTAny' / 'SHUCTAnyTime')","-1.0;1.0"
"('RegressionTreeSHUCTAny' / 'SHUCTAnyTime')","1.0;-1.0"
"('RegressionTreeSHUCTAny' / 'SHUCTAnyTime')","-1.0;1.0"
"('RegressionTreeSHUCTAny' / 'SHUCTAnyTime')","1.0;-1.0"
"('RegressionTreeSHUCTAny' / 'SHUCTAnyTime')","-1.0;1.0"
"('RegressionTreeSHUCTAny' / 'SHUCTAnyTime')","-1.0;1.0"
"('RegressionTreeSHUCTAny' / 'SHUCTAnyTime')","1.0;-1.0"
"('RegressionTreeSHUCTAny' / 'SHUCTAnyTime')","1.0;-1.0"
"('RegressionTreeSHUCTAny' / 'SHUCTAnyTime')","-1.0;1.0"
"('RegressionTreeSHUCTAny' / 'SHUCTAnyTime')","1.0;-1.0"
"('RegressionTreeSHUCTAny' / 'SHUCTAnyTime')","1.0;-1.0"
"('RegressionTreeSHUCTAny' / 'SHUCTAnyTime')","-1.0;1.0"
